160 250
160 250
145 248
261 231
202 283
178 284
173 283
173 283
173 283
173 283
191 270
193 266
297 255
162 265
121 252
113 252
110 252
110 252
110 252
110 252
110 252
191 270
193 266
297 255
162 265
121 252
113 252
110 252
110 252
110 252
110 252
110 252
193 266
121 255
129 263
282 272
312 212
305 188
305 188
305 187
305 187
305 187
121 255
129 263
282 272
312 212
305 188
305 188
305 187
305 187
305 187
121 255
129 263
282 272
312 212
305 188
305 188
305 187
305 187
305 187
160 250
145 248
202 283
178 284
173 283
203 265
205 265
236 269
330 265
329 265
330 265
330 265
330 265
330 265
330 265
196 249
196 249
196 249
196 250
195 246
204 261
204 261
204 261
204 261
204 261
204 261
204 261
204 261
204 261
204 261
193 258
193 259
193 260
193 261
193 260
193 259
195 270
195 270
195 270
199 269
201 266
206 264
201 318
201 318
211 282
143 272
146 271
146 272
144 272
143 272
145 269
145 270
144 272
203 265
205 265
236 269
330 265
329 265
330 265
330 265
330 265
330 265
330 265
228 227
224 228
197 257
198 247
194 241
194 241
195 237
195 230
195 230
197 257
202 253
196 247
244 232
244 281
244 281
244 281
163 251
163 251
143 245
0 0
0 0
0 0
203 289
206 289
206 289
206 289
206 289
206 289
206 289
206 289
206 289
206 289
206 289
206 289
193 273
193 273
192 268
192 268
192 268
192 268
192 268
192 268
195 269
195 269
195 269
195 269
195 269
195 269
195 269
195 269
195 269
195 269
195 269
201 268
200 268
200 267
200 268
206 268
204 268
203 269
204 269
206 268
209 268
210 269
209 269
163 239
160 246
240 222
167 291
142 282
121 278
190 192
200 218
245 222
274 313
0 0
153 282
151 285
219 173
199 146
199 144
123 173
99 207
287 222
286 285
286 337
286 337
